$
$ Global Data for Steady Aerodynamics
$
$ A full-span model is defined
$
AERO    0       1.      1.5     1.226
AEROS   0       0       1.5     5.      7.5
$
$ Flat Aero Surface: FlatPlate
$
PAERO1  101001
CAERO1  101001  101001  0       5       5                       1
        0.      0.      0.      1.5000010.      5.      0.      1.500001
$
$ Surface Spline: TPSpline_1
$
SPLINE4 1       101001  1               1               TPS     BOTH
AELIST  1       101001  101002  101003  101004  101005  101006  101007
        101008  101009  101010  101011  101012  101013  101014  101015
        101016  101017  101018  101019  101020  101021  101022  101023
        101024  101025
SET1    1       1       2       3       4       5       6       7
        8       9       10      11      12      13      14      15
        16      17      18      19      20      21      22      23
        24      25      26      27      28      29      30      31
        32      33      34      35      36      37      38      39
        40      41      42      43      44      45      46      47
        48      49      57      58      59      60      61      62
        63      64      65      66      67      68      69      70
        71      72      73      74      75      76      77      78
        79      80      81      82      83      84      85      86
        87      88      89      90      91      92      93      94
        95      96      97      98      100     101     102     103
        104     105     107     108     109     110     111     112
        114     115     116     117     118     119     121     122
        123     124     125     126     128     129     130     131
        132     133     135     136     137     138     139     140
        142     143     144     145     146     147     156     157
        158     159     160     161     163     164     165     166
        167     168     170     171     172     173     174     175
        177     178     179     180     181     182     184     185
        186     187     188     189     191     192     193     194
        195     196     198     199     200     201     202     203
        205     206     207     208     209     210     212     213
        214     215     216     217     219     220     221     222
        223     224     226     227     228     229     230     231
        233     234     235     236     237     238     240     241
        242     243     244     245     254     255     256     257
        258     259     261     262     263     264     265     266
        268     269     270     271     272     273     275     276
        277     278     279     280     282     283     284     285
        286     287     289     290     291     292     293     294
        302     303     304     305     306     307     308     309
        310     311     312     313     314     315     316     317
        318     319     320     321     322     323     324     325
        326     327     328     329     330     331     332     333
        334     335     336     337     338     339     340     341
        342     343     351     352     353     354     355     356
        357     358     359     360     361     362     363     364
        365     366     367     368     369     370     371     372
        373     374     375     376     377     378     379     380
        381     382     383     384     385     386     387     388
        389     390     391     392     401     402     403     404
        405     406     408     409     410     411     412     413
        415     416     417     418     419     420     422     423
        424     425     426     427     429     430     431     432
        433     434     436     437     438     439     440     441
        450     451     452     453     454     455     457     458
        459     460     461     462     464     465     466     467
        468     469     471     472     473     474     475     476
        478     479     480     481     482     483     485     486
        487     488     489     490     499     500     501     502
        503     504     506     507     508     509     510     511
        513     514     515     516     517     518     520     521
        522     523     524     525     527     528     529     530
        531     532     534     535     536     537     538     539
        548     549     550     551     552     553     555     556
        557     558     559     560     562     563     564     565
        566     567     569     570     571     572     573     574
        576     577     578     579     580     581     583     584
        585     586     587     588     596     597     598     599
        600     601     602     603     604     605     606     607
        608     609     610     611     612     613     614     615
        616     617     618     619     620     621     622     623
        624     625     626     627     628     629     630     631
        632     633     634     635     636     637     645     646
        647     648     649     650     651     652     653     654
        655     656     657     658     659     660     661     662
        663     664     665     666     667     668     669     670
        671     672     673     674     675     676     677     678
        679     680     681     682     683     684     685     686
        695     696     697     698     699     700     702     703
        704     705     706     707     709     710     711     712
        713     714     716     717     718     719     720     721
        723     724     725     726     727     728     730     731
        732     733     734     735     744     745     746     747
        748     749     751     752     753     754     755     756
        758     759     760     761     762     763     765     766
        767     768     769     770     772     773     774     775
        776     777     779     780     781     782     783     784
        793     794     795     796     797     798     800     801
        802     803     804     805     807     808     809     810
        811     812     814     815     816     817     818     819
        821     822     823     824     825     826     828     829
        830     831     832     833     842     843     844     845
        846     847     849     850     851     852     853     854
        856     857     858     859     860     861     863     864
        865     866     867     868     870     871     872     873
        874     875     877     878     879     880     881     882
        890     891     892     893     894     895     896     897
        898     899     900     901     902     903     904     905
        906     907     908     909     910     911     912     913
        914     915     916     917     918     919     920     921
        922     923     924     925     926     927     928     929
        930     931     939     940     941     942     943     944
        945     946     947     948     949     950     951     952
        953     954     955     956     957     958     959     960
        961     962     963     964     965     966     967     968
        969     970     971     972     973     974     975     976
        977     978     979     980     989     990     991     992
        993     994     996     997     998     999     1000    1001
        1003    1004    1005    1006    1007    1008    1010    1011
        1012    1013    1014    1015    1017    1018    1019    1020
        1021    1022    1024    1025    1026    1027    1028    1029
        1038    1039    1040    1041    1042    1043    1045    1046
        1047    1048    1049    1050    1052    1053    1054    1055
        1056    1057    1059    1060    1061    1062    1063    1064
        1066    1067    1068    1069    1070    1071    1073    1074
        1075    1076    1077    1078    1087    1088    1089    1090
        1091    1092    1094    1095    1096    1097    1098    1099
        1101    1102    1103    1104    1105    1106    1108    1109
        1110    1111    1112    1113    1115    1116    1117    1118
        1119    1120    1122    1123    1124    1125    1126    1127
        1136    1137    1138    1139    1140    1141    1143    1144
        1145    1146    1147    1148    1150    1151    1152    1153
        1154    1155    1157    1158    1159    1160    1161    1162
        1164    1165    1166    1167    1168    1169    1171    1172
        1173    1174    1175    1176    1178    1179    1180    1181
        1182    1183    1185    1186    1187    1188    1189    1190
        1192    1193    1194    1195    1196    1197    1199    1200
        1201    1202    1203    1204    1206    1207    1208    1209
        1210    1211    1213    1214    1215    1216    1217    1218
        1220    1221    1222    1223    1224    1225    1234    1235
        1236    1237    1238    1239    1241    1242    1243    1244
        1245    1246    1248    1249    1250    1251    1252    1253
        1255    1256    1257    1258    1259    1260    1262    1263
        1264    1265    1266    1267    1269    1270    1271    1272
        1273    1274    1276    1277    1278    1279    1280    1281
        1283    1284    1285    1286    1287    1288    1290    1291
        1292    1293    1294    1295    1297    1298    1299    1300
        1301    1302    1304    1305    1306    1307    1308    1309
        1311    1312    1313    1314    1315    1316    1318    1319
        1320    1321    1322    1323    1332    1333    1334    1335
        1336    1337    1339    1340    1341    1342    1343    1344
        1346    1347    1348    1349    1350    1351    1353    1354
        1355    1356    1357    1358    1360    1361    1362    1363
        1364    1365    1367    1368    1369    1370    1371    1372
        1374    1375    1376    1377    1378    1381    1382    1383
        1384    1385    1388    1389    1390    1391    1392    1395
        1396    1397    1398    1399    1402    1403    1404    1405
        1406    1409    1410    1411    1412    1413    1416    1417
        1418    1419    1420    1430    1431    1432    1433    1434
        1437    1438    1439    1440    1441    1444    1445    1446
        1447    1448    1451    1452    1453    1454    1455    1458
        1459    1460    1461    1462    1465    1466    1467    1468
        1469    1479    1480    1481    1482    1483    1484    1486
        1487    1488    1489    1490    1491    1493    1494    1495
        1496    1497    1498    1500    1501    1502    1503    1504
        1505    1507    1508    1509    1510    1511    1512    1514
        1515    1516    1517    1518    1519    1528    1529    1530
        1531    1532    1533    1535    1536    1537    1538    1539
        1540    1542    1543    1544    1545    1546    1547    1549
        1550    1551    1552    1553    1554    1556    1557    1558
        1559    1560    1561    1563    1564    1565    1566    1567
        1568    1577    1578    1579    1580    1581    1582    1584
        1585    1586    1587    1588    1589    1591    1592    1593
        1594    1595    1596    1598    1599    1600    1601    1602
        1603    1605    1606    1607    1608    1609    1610    1612
        1613    1614    1615    1616    1617    1626    1627    1628
        1629    1630    1631    1633    1634    1635    1636    1637
        1638    1640    1641    1642    1643    1644    1645    1647
        1648    1649    1650    1651    1652    1654    1655    1656
        1657    1658    1659    1661    1662    1663    1664    1665
        1666    1675    1676    1677    1678    1679    1682    1683
        1684    1685    1686    1689    1690    1691    1692    1693
        1696    1697    1698    1699    1700    1703    1704    1705
        1706    1707    1710    1711    1712    1713    1714    1724
        1725    1726    1727    1728    1731    1732    1733    1734
        1735    1738    1739    1740    1741    1742    1745    1746
        1747    1748    1749    1752    1753    1754    1755    1756
        1759    1760    1761    1762    1763    1773    1774    1775
        1776    1777    1778    1780    1781    1782    1783    1784
        1785    1787    1788    1789    1790    1791    1792    1794
        1795    1796    1797    1798    1799    1801    1802    1803
        1804    1805    1806    1808    1809    1810    1811    1812
        1813    1822    1823    1824    1825    1826    1827    1829
        1830    1831    1832    1833    1834    1836    1837    1838
        1839    1840    1841    1843    1844    1845    1846    1847
        1848    1850    1851    1852    1853    1854    1855    1857
        1858    1859    1860    1861    1862    1871    1872    1873
        1874    1875    1876    1878    1879    1880    1881    1882
        1883    1885    1886    1887    1888    1889    1890    1892
        1893    1894    1895    1896    1897    1899    1900    1901
        1902    1903    1904    1906    1907    1908    1909    1910
        1911    1920    1921    1922    1923    1924    1925    1927
        1928    1929    1930    1931    1932    1934    1935    1936
        1937    1938    1939    1941    1942    1943    1944    1945
        1946    1948    1949    1950    1951    1952    1953    1955
        1956    1957    1958    1959    1960    1969    1970    1971
        1972    1973    1976    1977    1978    1979    1980    1983
        1984    1985    1986    1987    1990    1991    1992    1993
        1994    1997    1998    1999    2000    2001    2004    2005
        2006    2007    2008    2018    2019    2020    2021    2022
        2025    2026    2027    2028    2029    2032    2033    2034
        2035    2036    2039    2040    2041    2042    2043    2046
        2047    2048    2049    2050    2053    2054    2055    2056
        2057    2067    2068    2069    2070    2071    2072    2074
        2075    2076    2077    2078    2079    2081    2082    2083
        2084    2085    2086    2088    2089    2090    2091    2092
        2093    2095    2096    2097    2098    2099    2100    2102
        2103    2104    2105    2106    2107    2116    2117    2118
        2119    2120    2121    2123    2124    2125    2126    2127
        2128    2130    2131    2132    2133    2134    2135    2137
        2138    2139    2140    2141    2142    2144    2145    2146
        2147    2148    2149    2151    2152    2153    2154    2155
        2156    2165    2166    2167    2168    2169    2170    2172
        2173    2174    2175    2176    2177    2179    2180    2181
        2182    2183    2184    2186    2187    2188    2189    2190
        2191    2193    2194    2195    2196    2197    2198    2200
        2201    2202    2203    2204    2205    2214    2215    2216
        2217    2218    2219    2221    2222    2223    2224    2225
        2226    2228    2229    2230    2231    2232    2233    2235
        2236    2237    2238    2239    2240    2242    2243    2244
        2245    2246    2247    2249    2250    2251    2252    2253
        2254    2263    2264    2265    2266    2267    2270    2271
        2272    2273    2274    2277    2278    2279    2280    2281
        2284    2285    2286    2287    2288    2291    2292    2293
        2294    2295    2298    2299    2300    2301    2302    2312
        2313    2314    2315    2316    2319    2320    2321    2322
        2323    2326    2327    2328    2329    2330    2333    2334
        2335    2336    2337    2340    2341    2342    2343    2344
        2347    2348    2349    2350    2351    2360    2361    2362
        2363    2364    2365    2366    2367    2368    2369    2370
        2371    2372    2373    2374    2375    2376    2377    2378
        2379    2380    2381    2382    2383    2398    2399    2400
        2401    2402    2403    2405    2406    2407    2408    2409
        2410    2412    2413    2414    2415    2416    2417    2419
        2420    2421    2422    2423    2424    2426    2427    2428
        2429    2430    2431    2446    2447    2448    2449    2451
        2452    2453    2455    2456    2457    2458    2459    2460
        2461    2462    2464    2465    2466    2467    2483    2484
        2485    2486    2487    2488    2489    2490    2491    2492
        2493    2494    2495    2496    2497    2498    2499    2500
        2501    2502    2503    2504    2505    2506    2521    2522
        2523    2524    2525    2526    2528    2529    2530    2531
        2532    2533    2535    2536    2537    2538    2539    2540
        2542    2543    2544    2545    2546    2547    2549    2550
        2551    2552    2553    2554    2569    2570    2571    2572
        2574    2575    2576    2578    2579    2580    2581    2582
        2583    2584    2585    2587    2588    2589    2590    2606
        2607    2608    2609    2610    2611    2612    2613    2614
        2615    2616    2617    2618    2619    2620    2621    2622
        2623    2624    2625    2626    2627    2628    2629    2644
        2645    2646    2647    2648    2649    2651    2652    2653
        2654    2655    2656    2658    2659    2660    2661    2662
        2663    2665    2666    2667    2668    2669    2670    2672
        2673    2674    2675    2676    2677    2692    2693    2694
        2695    2697    2698    2699    2701    2702    2703    2704
        2705    2706    2707    2708    2710    2711    2712    2713
        2729    2730    2731    2732    2733    2734    2735    2736
        2737    2738    2739    2740    2741    2742    2743    2744
        2745    2746    2747    2748    2749    2750    2751    2752
        2767    2768    2769    2770    2771    2772    2774    2775
        2776    2777    2778    2779    2781    2782    2783    2784
        2785    2786    2788    2789    2790    2791    2792    2793
        2795    2796    2797    2798    2799    2800    2815    2816
        2817    2818    2820    2821    2822    2824    2825    2826
        2827    2828    2829    2830    2831    2833    2834    2835
        2836    2852    2853    2854    2855    2856    2857    2858
        2859    2860    2861    2862    2863    2864    2865    2866
        2867    2868    2869    2870    2871    2872    2873    2874
        2875    2890    2891    2892    2893    2894    2895    2897
        2898    2899    2900    2901    2902    2904    2905    2906
        2907    2908    2909    2911    2912    2913    2914    2915
        2916    2918    2919    2920    2921    2922    2923    2938
        2939    2940    2941    2943    2944    2945    2947    2948
        2949    2950    2951    2952    2953    2954    2956    2957
        2958    2959    2975    2976    2977    2978    2979    2980
        2981    2982    2983    2984    2985    2986    2987    2988
        2989    2990    2991    2992    2993    2994    2995    2996
        2997    2998    3013    3014    3015    3016    3017    3018
        3020    3021    3022    3023    3024    3025    3027    3028
        3029    3030    3031    3032    3034    3035    3036    3037
        3038    3039    3041    3042    3043    3044    3045    3046
        3061    3062    3063    3064    3066    3067    3068    3070
        3071    3072    3073    3074    3075    3076    3077    3079
        3080    3081    3082    3098    3099    3100    3101    3102
        3103    3104    3105    3106    3107    3108    3109    3110
        3111    3112    3113    3114    3115    3116    3117    3118
        3119    3120    3121    3136    3137    3138    3139    3140
        3141    3143    3144    3145    3146    3147    3148    3150
        3151    3152    3153    3154    3155    3157    3158    3159
        3160    3161    3162    3164    3165    3166    3167    3168
        3169    3184    3185    3186    3187    3189    3190    3191
        3193    3194    3195    3196    3197    3198    3199    3200
        3202    3203    3204    3205    3221    3222    3223    3224
        3225    3226    3227    3228    3229    3230    3231    3232
        3233    3234    3235    3236    3237    3238    3239    3240
        3241    3242    3243    3244    3259    3260    3261    3262
        3263    3264    3266    3267    3268    3269    3270    3271
        3273    3274    3275    3276    3277    3278    3280    3281
        3282    3283    3284    3285    3287    3288    3289    3290
        3291    3292    3307    3308    3309    3310    3312    3313
        3314    3316    3317    3318    3319    3320    3321    3322
        3323    3325    3326    3327    3328    3344    3345    3346
        3347    3348    3349    3350    3351    3352    3353    3354
        3355    3356    3357    3358    3359    3360    3361    3362
        3363    3364    3365    3366    3367    3382    3383    3384
        3385    3386    3387    3389    3390    3391    3392    3393
        3394    3396    3397    3398    3399    3400    3401    3403
        3404    3405    3406    3407    3408    3410    3411    3412
        3413    3414    3415    3430    3431    3432    3433    3435
        3436    3437    3439    3440    3441    3442    3443    3444
        3445    3446    3448    3449    3450    3451    3468    3469
        3470    3471    3472    3475    3476    3477    3478    3479
        3482    3483    3484    3485    3486    3489    3490    3491
        3492    3493    3496    3497    3498    3499    3500    3517
        3518    3519    3520    3521    3524    3525    3526    3527
        3528    3531    3532    3533    3534    3535    3538    3539
        3540    3541    3542    3545    3546    3547    3548    3549
        3566    3567    3568    3569    3570    3573    3574    3575
        3576    3577    3580    3581    3582    3583    3584    3587
        3588    3589    3590    3591    3594    3595    3596    3597
        3598    3615    3616    3617    3618    3619    3622    3623
        3624    3625    3626    3629    3630    3631    3632    3633
        3636    3637    3638    3639    3640    3643    3644    3645
        3646    3647    3664    3665    3666    3667    3668    3671
        3672    3673    3674    3675    3678    3679    3680    3681
        3682    3685    3686    3687    3688    3689    3692    3693
        3694    3695    3696    3713    3714    3715    3716    3717
        3720    3721    3722    3723    3724    3727    3728    3729
        3730    3731    3734    3735    3736    3737    3738    3741
        3742    3743    3744    3745    3762    3763    3764    3765
        3766    3769    3770    3771    3772    3773    3776    3777
        3778    3779    3780    3783    3784    3785    3786    3787
        3790    3791    3792    3793    3794    3811    3812    3813
        3814    3815    3818    3819    3820    3821    3822    3825
        3826    3827    3828    3829    3832    3833    3834    3835
        3836    3839    3840    3841    3842    3843    3860    3861
        3862    3863    3864    3867    3868    3869    3870    3871
        3874    3875    3876    3877    3878    3881    3882    3883
        3884    3885    3888    3889    3890    3891    3892    3909
        3910    3911    3912    3913    3916    3917    3918    3919
        3920    3923    3924    3925    3926    3927    3930    3931
        3932    3933    3934    3937    3938    3939    3940    3941
        3958    3959    3960    3961    3962    3965    3966    3967
        3968    3969    3972    3973    3974    3975    3976    3979
        3980    3981    3982    3983    3986    3987    3988    3989
        3990    4007    4008    4009    4010    4011    4014    4015
        4016    4017    4018    4021    4022    4023    4024    4025
        4028    4029    4030    4031    4032    4035    4036    4037
        4038    4039    4056    4057    4058    4059    4060    4063
        4064    4065    4066    4067    4070    4071    4072    4073
        4074    4077    4078    4079    4080    4081    4084    4085
        4086    4087    4088    4105    4106    4107    4108    4109
        4112    4113    4114    4115    4116    4119    4120    4121
        4122    4123    4126    4127    4128    4129    4130    4133
        4134    4135    4136    4137    4154    4155    4156    4157
        4158    4161    4162    4163    4164    4165    4168    4169
        4170    4171    4172    4175    4176    4177    4178    4179
        4182    4183    4184    4185    4186    4203    4204    4205
        4206    4207    4210    4211    4212    4213    4214    4217
        4218    4219    4220    4221    4224    4225    4226    4227
        4228    4231    4232    4233    4234    4235    90001
